function t = parameters(t)

global L1 L2 L3 L4 L5 L6

L1 = 0.1280;
L2 = 0.6127;
L3 = 0.1639;
L4 = 0.5716;
L5 = 0.0922;
L6 = 0.1157;

end

